5 0.866034 0.491003 0.208861 0.946015 
5 0.121308 0.485861 0.162447 0.956298 
0 0.866034 0.491003 0.208861 0.946015 
0 0.118143 0.488432 0.160338 0.88946 
7 0.741561 0.800771 0.128692 0.218509 
7 0.474684 0.174807 0.118143 0.210797 
16 0.267932 0.77892 0.135021 0.179949 
2 0.758439 0.458869 0.158228 0.203085 
2 0.490506 0.460154 0.149789 0.210797 
14 0.266878 0.467866 0.132911 0.215938 
2 0.242616 0.181234 0.164557 0.213368 
4 0.740506 0.194087 0.130802 0.208226 
12 0.483122 0.784062 0.118143 0.22108 
