0 0.894737 0.498715 0.1417 0.92545 
5 0.897773 0.498715 0.143725 0.904884 
5 0.101215 0.5 0.1417 0.892031 
12 0.376518 0.16838 0.097166 0.156812 
16 0.802632 0.793059 0.0789474 0.131105 
14 0.610324 0.562982 0.131579 0.1491 
8 0.190283 0.596401 0.178138 0.143959 
2 0.378543 0.167095 0.109312 0.159383 
13 0.759109 0.368895 0.129555 0.141388 
13 0.563765 0.363753 0.135628 0.131105 
13 0.786437 0.55527 0.119433 0.143959 
2 0.438259 0.790488 0.123482 0.167095 
2 0.421053 0.575835 0.125506 0.154242 
2 0.204453 0.789203 0.109312 0.1491 
2 0.162955 0.383033 0.139676 0.174807 
4 0.55668 0.164524 0.153846 0.18509 
4 0.626518 0.791774 0.147773 0.215938 
12 0.380567 0.367609 0.11336 0.215938 
4 0.769231 0.177378 0.129555 0.210797 
12 0.17915 0.16838 0.12753 0.177378 
