4 0.166019 0.200658 0.0718447 0.144737 
0 0.901942 0.458882 0.12233 0.858553 
0 0.109709 0.481908 0.137864 0.858553 
14 0.516505 0.708882 0.0970874 0.200658 
5 0.901942 0.458882 0.12233 0.858553 
14 0.190291 0.717105 0.112621 0.157895 
16 0.519417 0.713816 0.0951456 0.203947 
2 0.166019 0.205592 0.0640777 0.141447 
7 0.487379 0.205592 0.0893204 0.213816 
14 0.802913 0.432566 0.0912621 0.207237 
2 0.160194 0.485197 0.0912621 0.200658 
2 0.654369 0.421053 0.100971 0.210526 
6 0.332039 0.172697 0.0970874 0.134868 
2 0.635922 0.194079 0.106796 0.184211 
4 0.802913 0.680921 0.141748 0.217105 
2 0.657282 0.717105 0.0873786 0.217105 
12 0.320388 0.490132 0.100971 0.236842 
12 0.329126 0.745066 0.114563 0.273026 
4 0.494175 0.452303 0.118447 0.220395 
4 0.803883 0.1875 0.0970874 0.203947 
