0 0.845628 0.493573 0.237705 0.976864 
0 0.117486 0.485861 0.185792 0.951157 
5 0.849727 0.493573 0.213115 0.987147 
13 0.689891 0.344473 0.161202 0.128535 
6 0.550546 0.53599 0.122951 0.120823 
13 0.73224 0.722365 0.147541 0.138817 
2 0.355191 0.559126 0.10929 0.141388 
7 0.170765 0.586118 0.117486 0.128535 
2 0.348361 0.374036 0.117486 0.161954 
7 0.506831 0.195373 0.122951 0.128535 
2 0.198087 0.748072 0.122951 0.133676 
4 0.714481 0.530848 0.155738 0.156812 
6 0.337432 0.205656 0.117486 0.107969 
12 0.666667 0.205656 0.120219 0.143959 
6 0.180328 0.397172 0.120219 0.136247 
6 0.364754 0.714653 0.117486 0.123393 
4 0.191257 0.215938 0.0928962 0.102828 
