2 0.327621 0.130608 0.074597 0.159010
2 0.462702 0.144063 0.086694 0.190812
2 0.766129 0.173418 0.060484 0.156564
2 0.748992 0.343436 0.058468 0.134547
2 0.607863 0.332428 0.090726 0.190812
2 0.472782 0.331205 0.042339 0.149225
0 0.098790 0.492661 0.116935 0.873331
5 0.867944 0.496331 0.199597 0.958952
6 0.195565 0.141616 0.092742 0.132101
6 0.648185 0.158740 0.122984 0.185919
6 0.351815 0.309188 0.110887 0.139439
6 0.189516 0.311634 0.125000 0.163902
6 0.201613 0.469421 0.092742 0.117423
6 0.351815 0.466975 0.114919 0.127208
6 0.500000 0.491438 0.141129 0.146778
6 0.615927 0.497554 0.106855 0.119869
6 0.746976 0.504893 0.082661 0.129654
6 0.742944 0.689589 0.110887 0.146778
6 0.621976 0.656564 0.139113 0.144332
6 0.486895 0.645555 0.110887 0.112530
6 0.338710 0.627208 0.104839 0.134547
6 0.202621 0.630877 0.106855 0.127208
6 0.203629 0.777656 0.100806 0.156564
6 0.318548 0.789887 0.100806 0.151671
6 0.469758 0.804565 0.104839 0.132101
6 0.619960 0.824136 0.110887 0.136993
6 0.733871 0.840036 0.104839 0.124762