5 0.855847 0.493240 0.195565 0.935557
0 0.113911 0.495944 0.155242 0.951781
2 0.414315 0.133618 0.054435 0.108157
2 0.236895 0.317485 0.066532 0.162235
2 0.709677 0.567598 0.096774 0.154124
2 0.575605 0.793376 0.110887 0.210906
6 0.246976 0.132266 0.090726 0.121677
6 0.604839 0.166066 0.116935 0.135196
6 0.745968 0.175529 0.125000 0.154124
6 0.725806 0.371564 0.141129 0.189275
6 0.592742 0.363452 0.096774 0.146012
6 0.400202 0.332357 0.127016 0.186571
6 0.238911 0.513520 0.118952 0.170347
6 0.403226 0.529743 0.112903 0.127084
6 0.586694 0.563542 0.100806 0.124380
6 0.727823 0.813655 0.133065 0.148716
6 0.416331 0.775800 0.086694 0.121677
6 0.224798 0.762281 0.106855 0.137900