5 0.890121 0.503988 0.122984 0.909310
0 0.118952 0.493353 0.145161 0.872087
2 0.252016 0.413589 0.076613 0.228657
2 0.620968 0.815068 0.084677 0.202069
6 0.291331 0.151697 0.135081 0.210045
6 0.463710 0.155685 0.120968 0.186116
6 0.642137 0.163661 0.106855 0.186116
6 0.782258 0.159673 0.112903 0.215363
6 0.763105 0.404283 0.114919 0.215363
6 0.631048 0.410930 0.100806 0.180799
6 0.460685 0.414918 0.118952 0.225998
6 0.262097 0.631611 0.108871 0.154211
6 0.463710 0.634270 0.080645 0.180799
6 0.621976 0.619646 0.114919 0.194093
6 0.740927 0.644905 0.106855 0.175481
6 0.743952 0.821715 0.096774 0.167505
6 0.470766 0.828362 0.094758 0.138258
6 0.267137 0.831021 0.090726 0.175481