4 0.209677 0.183825 0.096774 0.123538
7 0.403226 0.168121 0.088710 0.150759
7 0.231855 0.377508 0.116935 0.154947
12 0.595766 0.194295 0.175403 0.194730
12 0.427419 0.397400 0.205645 0.165416
12 0.219758 0.572239 0.133065 0.142383
14 0.752016 0.163934 0.108871 0.142383
14 0.617944 0.383790 0.118952 0.113069
14 0.460685 0.561769 0.147177 0.096318
14 0.254032 0.773250 0.209677 0.192636
16 0.453629 0.748124 0.141129 0.159134
16 0.631048 0.561769 0.125000 0.167510
16 0.770161 0.372274 0.149194 0.115163
22 0.795363 0.548159 0.171371 0.186355
22 0.664315 0.751265 0.122984 0.157040
21 0.826613 0.742889 0.104839 0.102600
0 0.157258 0.520939 0.197581 0.915022
5 0.870968 0.447653 0.141129 0.806141