0 0.101134 0.490872 0.136198 0.920892
2 0.220121 0.182556 0.077827 0.141988
2 0.398226 0.411765 0.095788 0.190669
2 0.595039 0.696755 0.097284 0.196755
6 0.403464 0.173428 0.130211 0.168357
6 0.594291 0.155172 0.110754 0.168357
6 0.782125 0.157201 0.100278 0.160243
6 0.779131 0.406694 0.103271 0.131846
6 0.590549 0.411765 0.118238 0.133874
6 0.776138 0.675456 0.109258 0.129817
6 0.401967 0.725152 0.109258 0.160243
6 0.184200 0.707911 0.089801 0.158215
5 0.871177 0.460446 0.167628 0.835700
6 0.181207 0.442191 0.080821 0.162272