0 0.189495 0.517773 0.089096 0.881525
5 0.900931 0.507109 0.113032 0.869676
4 0.295878 0.193125 0.078457 0.151660
2 0.424867 0.210898 0.062500 0.182466
2 0.588431 0.206158 0.067819 0.201424
2 0.428856 0.468009 0.065160 0.184836
6 0.299867 0.478673 0.102394 0.187206
6 0.283245 0.729860 0.063830 0.163509
6 0.440160 0.721566 0.082447 0.170618
8 0.573803 0.441943 0.142287 0.170618
9 0.767952 0.434834 0.136968 0.199054
10 0.596410 0.726305 0.121011 0.241708
11 0.802527 0.708533 0.158245 0.215642
7 0.748670 0.203789 0.082447 0.234599