7 0.226361 0.231237 0.112093 0.162272
7 0.389006 0.397566 0.129676 0.154158
7 0.600005 0.602434 0.094510 0.113590
7 0.752759 0.765720 0.184624 0.176471
6 0.380214 0.201826 0.129676 0.127789
6 0.562640 0.197769 0.094510 0.127789
6 0.716493 0.194726 0.142864 0.150101
6 0.750561 0.389452 0.131874 0.125761
6 0.783529 0.590264 0.096708 0.113590
6 0.573630 0.397566 0.142864 0.133874
6 0.397798 0.594320 0.160447 0.158215
6 0.208778 0.644016 0.160447 0.123732
6 0.208778 0.805274 0.142864 0.121704
6 0.424172 0.782961 0.164843 0.117647
2 0.214273 0.427992 0.149457 0.146045
2 0.598906 0.777890 0.114291 0.139959
0 0.126357 0.503043 0.193415 0.912779
5 0.856060 0.501014 0.197811 0.957404