0 0.121976 0.504851 0.191532 0.899888
5 0.894153 0.472106 0.155242 0.873207
13 0.181452 0.151930 0.133065 0.121279
2 0.364919 0.424807 0.100806 0.114002
2 0.650202 0.713451 0.086694 0.118853
4 0.790323 0.671003 0.133065 0.135832
4 0.661290 0.512128 0.125000 0.133407
4 0.498992 0.394488 0.106855 0.097023
4 0.357863 0.284124 0.110887 0.118853
6 0.335685 0.147079 0.106855 0.126130
6 0.463710 0.132525 0.096774 0.087321
6 0.644153 0.138589 0.094758 0.080044
6 0.796371 0.134951 0.080645 0.092172
6 0.817540 0.258655 0.118952 0.111576
6 0.649194 0.255017 0.096774 0.099449
6 0.475806 0.259868 0.100806 0.109151
6 0.212702 0.310805 0.110887 0.138258
6 0.208669 0.472106 0.094758 0.111576
6 0.652218 0.378721 0.082661 0.099449
6 0.812500 0.377508 0.084677 0.087321
6 0.824597 0.514553 0.120968 0.147960
6 0.493952 0.527894 0.096774 0.101874
6 0.356855 0.560639 0.120968 0.128555
6 0.191532 0.605512 0.084677 0.097023
6 0.197581 0.759536 0.088710 0.114002
6 0.371976 0.725578 0.106855 0.099449
6 0.517137 0.709812 0.110887 0.126130