6 0.201613 0.170122 0.129032 0.152811
6 0.433468 0.166484 0.112903 0.164939
6 0.605847 0.157994 0.110887 0.138258
6 0.766129 0.161632 0.125000 0.169790
6 0.754032 0.333848 0.125000 0.160088
6 0.598790 0.349614 0.133065 0.177067
6 0.411290 0.376296 0.145161 0.167365
6 0.214718 0.630981 0.131048 0.167365
6 0.622984 0.581257 0.137097 0.135832
6 0.778226 0.573980 0.104839 0.126130
6 0.801411 0.786218 0.143145 0.152811
6 0.634073 0.794707 0.159274 0.150386
6 0.439516 0.820176 0.153226 0.147960
6 0.241935 0.867475 0.116935 0.169790
2 0.212702 0.404190 0.179435 0.257111
2 0.439516 0.601874 0.149194 0.162513
0 0.096774 0.496362 0.165323 0.941123
5 0.899194 0.510915 0.153226 0.912016