5 0.892178 0.502571 0.135307 0.938303 
1 0.357294 0.677378 0.135307 0.105398 
14 0.200846 0.688946 0.0718816 0.102828 
12 0.704017 0.817481 0.0972516 0.128535 
14 0.340381 0.339332 0.109937 0.159383 
5 0.110994 0.482005 0.145877 0.96401 
7 0.339323 0.340617 0.112051 0.151671 
7 0.19556 0.687661 0.0739958 0.11054 
13 0.521142 0.497429 0.137421 0.141388 
14 0.394292 0.811054 0.0824524 0.125964 
6 0.650106 0.308483 0.0993657 0.113111 
13 0.79704 0.66581 0.12685 0.159383 
6 0.770613 0.318766 0.103594 0.133676 
2 0.218816 0.825193 0.120507 0.1491 
6 0.19556 0.544987 0.107822 0.133676 
2 0.705074 0.816195 0.116279 0.131105 
12 0.541226 0.663239 0.135307 0.1491 
13 0.179704 0.134961 0.12685 0.141388 
6 0.769556 0.132391 0.0972516 0.136247 
6 0.178647 0.356041 0.0993657 0.136247 
6 0.51797 0.321337 0.118393 0.118252 
6 0.774841 0.508997 0.0951374 0.138817 
6 0.509514 0.141388 0.105708 0.159383 
12 0.350951 0.51671 0.135307 0.154242 
6 0.641649 0.138817 0.103594 0.154242 
12 0.560254 0.805913 0.0930233 0.161954 
6 0.667019 0.501285 0.0909091 0.1491 
12 0.340381 0.150386 0.131078 0.218509 
12 0.812896 0.83419 0.103594 0.187661 
