6 0.462702 0.167352 0.098790 0.167020
6 0.605847 0.147867 0.127016 0.155885
6 0.754032 0.157609 0.088710 0.186505
6 0.720766 0.369168 0.098790 0.203207
6 0.615927 0.376127 0.106855 0.205991
6 0.246976 0.366384 0.118952 0.147534
6 0.270161 0.579334 0.120968 0.189289
6 0.461694 0.587685 0.104839 0.189289
6 0.744960 0.587685 0.106855 0.183722
6 0.634073 0.802027 0.098790 0.205991
6 0.469758 0.785325 0.100806 0.167020
6 0.260081 0.796460 0.108871 0.172587
14 0.278226 0.157609 0.149194 0.136400
4 0.476815 0.378911 0.127016 0.233828
4 0.629032 0.596036 0.100806 0.211558
7 0.748992 0.792285 0.110887 0.158669
0 0.112903 0.476339 0.161290 0.829532
5 0.883065 0.500000 0.157258 0.915825