5 0.900202 0.461385 0.127016 0.823780
0 0.126008 0.535754 0.199597 0.835222
13 0.326613 0.352692 0.108871 0.154459
13 0.193548 0.221116 0.116935 0.114414
2 0.481855 0.622995 0.108871 0.151598
7 0.484879 0.488559 0.114919 0.105833
7 0.676411 0.597252 0.090726 0.117274
7 0.816532 0.723107 0.080645 0.111554
6 0.337702 0.206814 0.078629 0.120135
6 0.494960 0.206814 0.114919 0.108693
6 0.637097 0.185362 0.076613 0.077229
6 0.779234 0.166769 0.090726 0.114414
6 0.828629 0.322658 0.141129 0.117274
6 0.649194 0.306926 0.104839 0.108693
6 0.506048 0.336960 0.100806 0.134436
6 0.190524 0.362703 0.078629 0.105833
6 0.197581 0.495709 0.084677 0.137297
6 0.328629 0.487128 0.080645 0.091531
6 0.678427 0.432782 0.094758 0.097252
6 0.806452 0.449944 0.096774 0.114414
6 0.813508 0.591531 0.086694 0.105833
6 0.327621 0.644448 0.098790 0.108693
6 0.212702 0.658749 0.078629 0.108693
6 0.225806 0.788895 0.080645 0.105833
6 0.346774 0.788895 0.096774 0.122995
6 0.482863 0.766012 0.106855 0.117274
6 0.684476 0.737409 0.078629 0.100112