14 0.263105 0.223547 0.171371 0.189381
4 0.460685 0.370481 0.179435 0.143669
4 0.629032 0.506530 0.137097 0.124077
7 0.763105 0.663260 0.131048 0.132785
2 0.485887 0.540271 0.092742 0.148022
6 0.460685 0.181099 0.131048 0.143669
6 0.605847 0.180011 0.106855 0.150199
6 0.775202 0.185453 0.094758 0.121901
6 0.764113 0.323679 0.084677 0.097956
6 0.630040 0.344359 0.127016 0.091425
6 0.250000 0.397691 0.133065 0.115370
6 0.263105 0.579453 0.131048 0.130608
6 0.752016 0.476055 0.108871 0.128431
6 0.628024 0.681763 0.118952 0.143669
6 0.464718 0.705707 0.131048 0.143669
6 0.245968 0.762304 0.129032 0.126254
0 0.135081 0.486939 0.217742 0.920785
5 0.857863 0.446668 0.191532 0.853305