6 0.537298 0.189599 0.143145 0.149930
6 0.729839 0.208340 0.149194 0.196782
6 0.729839 0.392238 0.104839 0.161643
6 0.218750 0.683898 0.127016 0.187412
6 0.225806 0.863111 0.100806 0.081993
6 0.409274 0.812744 0.137097 0.093706
4 0.234879 0.200141 0.122984 0.208496
4 0.551411 0.386382 0.127016 0.117132
8 0.589718 0.581993 0.171371 0.133531
8 0.609879 0.790488 0.187500 0.119475
7 0.412298 0.459004 0.147177 0.178041
13 0.422379 0.635874 0.127016 0.138216
2 0.415323 0.225910 0.104839 0.217866
2 0.737903 0.584335 0.072581 0.171013
2 0.745968 0.782289 0.064516 0.168671
2 0.228831 0.468374 0.102823 0.215524
15 0.899194 0.478916 0.108871 0.920661
15 0.097782 0.510542 0.131048 0.866780