0 0.127877 0.509758 0.112532 0.878227
5 0.836317 0.482435 0.163683 0.948485
2 0.196931 0.162371 0.081841 0.136613
2 0.218670 0.660032 0.099744 0.179549
6 0.367008 0.183838 0.084399 0.163936
6 0.405371 0.677597 0.104859 0.175645
6 0.599744 0.687355 0.104859 0.148323
40 0.519182 0.150661 0.122762 0.214678
12 0.690537 0.156516 0.127877 0.202968
7 0.387468 0.439500 0.130435 0.199065
45 0.209719 0.419984 0.097187 0.206871
41 0.565217 0.419984 0.127877 0.214678
39 0.723785 0.394613 0.127877 0.171742
7 0.732737 0.628807 0.125320 0.179549